AT*PCMD_MAG=73941,0,1028398431,1049538692,0,0,0,0
AT*REF=73942,290717696
AT*PCMD_MAG=73945,0,1028753617,1049624678,0,0,0,0
AT*REF=73946,290717696
AT*PCMD_MAG=73947,0,1028536873,1049936306,0,0,0,0
AT*REF=73948,290717696
AT*PCMD_MAG=73953,0,1025044616,1050598236,0,0,0,0
AT*REF=73954,290717696
AT*PCMD_MAG=73957,0,1025924565,1050021023,0,0,0,0
AT*REF=73958,290717696
AT*PCMD_MAG=73961,0,1023972604,1049609128,0,0,0,0
AT*REF=73962,290718208
AT*PCMD_MAG=73963,0,1022605280,1049623037,0,0,0,0
AT*REF=73964,290718208
AT*PCMD_MAG=73965,0,1023360466,1049691379,0,0,0,0
AT*REF=73966,290718208
AT*PCMD_MAG=73967,0,1024323801,1049743083,0,0,0,0
AT*REF=73968,290718208
AT*PCMD_MAG=73979,0,1025033794,1049791653,0,0,0,0
AT*REF=73980,290718208
AT*PCMD_MAG=73983,0,1024271550,1049799509,0,0,0,0
AT*REF=73984,290718208
AT*PCMD_MAG=74001,0,1025933040,1049676373,0,0,0,0
AT*REF=74002,290718208
AT*PCMD_MAG=74003,0,1025774057,1049647061,0,0,0,0
AT*REF=74004,290718208
AT*PCMD_MAG=74005,0,1025693601,1049571729,0,0,0,0
AT*REF=74006,290718208
AT*PCMD_MAG=74007,0,1025693180,1049454813,0,0,0,0
AT*REF=74008,290718208
AT*PCMD_MAG=74009,0,1025498575,1049334426,0,0,0,0
AT*REF=74010,290718208
AT*PCMD_MAG=74013,0,1024397249,1049015984,0,0,0,0
AT*REF=74014,290718208
AT*PCMD_MAG=74015,0,1024311625,1048952871,0,0,0,0
AT*REF=74016,290718208
AT*PCMD_MAG=74017,0,1024143487,1048902364,0,0,0,0
AT*REF=74018,290718208
AT*PCMD_MAG=74023,0,1023759498,1048454273,0,0,0,0
AT*REF=74024,290718208
AT*PCMD_MAG=74025,0,1023425615,1048078482,0,0,0,0
AT*REF=74026,290718208
AT*PCMD_MAG=74031,0,1021101062,1046547364,0,0,0,0
AT*REF=74032,290718208
AT*PCMD_MAG=74033,0,1021017106,1045858530,0,0,0,0
AT*REF=74034,290718208
AT*PCMD_MAG=74035,0,1020268018,1045161000,0,0,0,0
AT*REF=74036,290718208
AT*PCMD_MAG=74041,0,1019357050,1043647202,0,0,0,0
AT*REF=74042,290718208
AT*PCMD_MAG=74055,0,-1173930433,1043686936,0,0,0,0
AT*REF=74056,290718208
AT*PCMD_MAG=74057,0,-1141225587,1044037511,0,0,0,0
AT*REF=74058,290718208
AT*PCMD_MAG=74061,0,-1132566851,1045387504,0,0,0,0
AT*REF=74062,290718208
AT*PCMD_MAG=74117,0,1033849298,1045165553,0,0,0,0
AT*REF=74118,290718208
AT*PCMD_MAG=74121,0,1033991681,1044616696,0,0,0,0
AT*REF=74122,290718208
AT*PCMD_MAG=74123,0,1033817307,1044152691,0,0,0,0
AT*REF=74124,290718208
AT*PCMD_MAG=74133,0,1032708465,1042233531,0,0,0,0
AT*REF=74134,290718208
AT*PCMD_MAG=74209,0,1035611165,1041613641,0,0,0,0
AT*REF=74210,290718208
AT*PCMD_MAG=74211,0,1035443948,1041523824,0,0,0,0
AT*REF=74212,290718208
AT*PCMD_MAG=74213,0,1035086439,1041285370,0,0,0,0
AT*REF=74214,290718208
AT*PCMD_MAG=74215,0,1034721786,1041086135,0,0,0,0
AT*REF=74216,290718208
AT*PCMD_MAG=74227,0,1033314709,1040856108,0,0,0,0
AT*REF=74228,290718208
AT*PCMD_MAG=74229,0,1032942497,1041098112,0,0,0,0
AT*REF=74230,290718208
AT*PCMD_MAG=74231,0,1032502397,1041134715,0,0,0,0
AT*REF=74232,290718208
AT*PCMD_MAG=74233,0,1031460620,1041034866,0,0,0,0
AT*REF=74234,290718208
AT*PCMD_MAG=74245,0,976899105,1039979080,0,0,0,0
AT*REF=74246,290718208
AT*PCMD_MAG=74253,0,-1124540825,1038197124,0,0,0,0
AT*REF=74254,290718208
AT*PCMD_MAG=74255,0,-1122833018,1038198140,0,0,0,0
AT*REF=74256,290718208
AT*PCMD_MAG=74259,0,-1122368454,1039314193,0,0,0,0
AT*REF=74260,290718208
AT*PCMD_MAG=74261,0,-1123376511,1040241345,0,0,0,0
AT*REF=74262,290718208
AT*PCMD_MAG=74263,0,-1127472622,1040748818,0,0,0,0
AT*REF=74264,290718208
AT*PCMD_MAG=74265,0,-1143291153,1041150326,0,0,0,0
AT*REF=74266,290718208
AT*PCMD_MAG=74267,0,983453516,1040964185,0,0,0,0
AT*REF=74268,290718208
AT*PCMD_MAG=74269,0,-1145157295,1040529408,0,0,0,0
AT*REF=74270,290718208
AT*PCMD_MAG=74271,0,-1130915514,1040252174,0,0,0,0
AT*REF=74272,290718208
AT*PCMD_MAG=74273,0,-1124853532,1040076651,0,0,0,0
AT*REF=74274,290718208
AT*PCMD_MAG=74277,0,-1124553626,1040478169,0,0,0,0
AT*REF=74278,290718208
AT*PCMD_MAG=74287,0,1015721202,1041287761,0,0,0,0
AT*REF=74288,290718208
AT*PCMD_MAG=74289,0,1020155042,1041445253,0,0,0,0
AT*REF=74290,290718208
AT*PCMD_MAG=74291,0,1023960331,1041259514,0,0,0,0
AT*REF=74292,290718208
AT*PCMD_MAG=74295,0,1029192758,1040698927,0,0,0,0
AT*REF=74296,290718208
AT*PCMD_MAG=74299,0,1033144098,1040040869,0,0,0,0
AT*REF=74300,290718208
AT*PCMD_MAG=74301,0,1034680687,1039678898,0,0,0,0
AT*REF=74302,290718208
AT*PCMD_MAG=74303,0,1036477469,1039864274,0,0,0,0
AT*REF=74304,290718208
AT*PCMD_MAG=74305,0,1038014711,1040076022,0,0,0,0
AT*REF=74306,290718208
AT*PCMD_MAG=74307,0,1040281513,1040418933,0,0,0,0
AT*REF=74308,290718208
AT*PCMD_MAG=74313,0,1043191502,1041122272,0,0,0,0
AT*REF=74314,290718208
AT*PCMD_MAG=74339,0,1046468379,1039102373,0,0,0,0
AT*REF=74340,290718208
AT*PCMD_MAG=74347,0,1046300238,1039566763,0,0,0,0
AT*REF=74348,290718208
AT*PCMD_MAG=74349,0,1046473742,1040187462,0,0,0,0
AT*REF=74350,290718208
AT*PCMD_MAG=74357,0,1044280019,1040372955,0,0,0,0
AT*REF=74358,290718208
AT*PCMD_MAG=74361,0,1044832485,1040303409,0,0,0,0
AT*REF=74362,290718208
AT*PCMD_MAG=74363,0,1044505866,1039030851,0,0,0,0
AT*REF=74364,290718208
AT*PCMD_MAG=74369,0,1040578841,1027563133,0,0,0,0
AT*REF=74370,290718208
AT*PCMD_MAG=74371,0,1037904633,1024454979,0,0,0,0
AT*REF=74372,290718208
AT*PCMD_MAG=74373,0,1034302946,1020803078,0,0,0,0
AT*REF=74374,290718208
AT*PCMD_MAG=74375,0,1034190778,1019449897,0,0,0,0
AT*REF=74376,290718208
AT*PCMD_MAG=74377,0,1034985264,1019312672,0,0,0,0
AT*REF=74378,290718208
AT*PCMD_MAG=74387,0,1040250387,1016268563,0,0,0,0
AT*REF=74388,290718208
AT*PCMD_MAG=74389,0,1040974312,1019316921,0,0,0,0
AT*REF=74390,290718208
AT*PCMD_MAG=74391,0,1041680411,1022959094,0,0,0,0
AT*REF=74392,290718208
AT*PCMD_MAG=74393,0,1042026133,1023132206,0,0,0,0
AT*REF=74394,290718208
AT*PCMD_MAG=74395,0,1041978781,1021723154,0,0,0,0
AT*REF=74396,290718208
AT*PCMD_MAG=74399,0,1041297409,1018733385,0,0,0,0
AT*REF=74400,290718208
AT*PCMD_MAG=74401,0,1041092456,1019118684,0,0,0,0
AT*REF=74402,290718208
AT*PCMD_MAG=74403,0,1041003793,1018966524,0,0,0,0
AT*REF=74404,290718208
AT*PCMD_MAG=74405,0,1041023704,1021514516,0,0,0,0
AT*REF=74406,290718208
AT*PCMD_MAG=74409,0,1040434887,1022772259,0,0,0,0
AT*REF=74410,290718208
AT*PCMD_MAG=74411,0,1038811627,1021500466,0,0,0,0
AT*REF=74412,290718208
AT*PCMD_MAG=74413,0,1036259008,1017927249,0,0,0,0
AT*REF=74414,290718208
AT*PCMD_MAG=74417,0,1032478978,1008380530,0,0,0,0
AT*REF=74418,290718208
AT*PCMD_MAG=74419,0,1030831714,989087147,0,0,0,0
AT*REF=74420,290718208
AT*PCMD_MAG=74421,0,1028779723,-1140346181,0,0,0,0
AT*REF=74422,290718208
AT*PCMD_MAG=74423,0,1026988887,-1128848954,0,0,0,0
AT*REF=74424,290718208
AT*PCMD_MAG=74425,0,1025530236,-1124608444,0,0,0,0
AT*REF=74426,290718208
AT*PCMD_MAG=74427,0,1025091158,-1124802442,0,0,0,0
AT*REF=74428,290718208
AT*PCMD_MAG=74429,0,1025585215,-1125742563,0,0,0,0
AT*REF=74430,290718208
AT*PCMD_MAG=74431,0,1026404216,-1127734903,0,0,0,0
AT*REF=74432,290718208
AT*PCMD_MAG=74435,0,1027764782,-1122977150,0,0,0,0
AT*REF=74436,290718208
AT*PCMD_MAG=74437,0,1027709099,-1123590716,0,0,0,0
AT*REF=74438,290718208
AT*PCMD_MAG=74439,0,1027010179,-1124747165,0,0,0,0
AT*REF=74440,290718208
AT*PCMD_MAG=74441,0,1026167861,-1124883271,0,0,0,0
AT*REF=74442,290718208
AT*PCMD_MAG=74445,0,1026873745,-1136535414,0,0,0,0
AT*REF=74446,290718208
AT*PCMD_MAG=74453,0,1024023682,1018233252,0,0,0,0
AT*REF=74454,290718208
AT*PCMD_MAG=74465,0,-1113320847,1026765291,0,0,0,0
AT*REF=74466,290718208
AT*PCMD_MAG=74477,0,1016426812,1041084182,0,0,0,0
AT*REF=74478,290718208
AT*PCMD_MAG=74479,0,1022633616,1040464895,0,0,0,0
AT*REF=74480,290718208
AT*PCMD_MAG=74481,0,1021337989,1038341629,0,0,0,0
AT*REF=74482,290718208
AT*PCMD_MAG=74487,0,1032281302,1040725324,0,0,0,0
AT*REF=74488,290718208
AT*PCMD_MAG=74489,0,1035273104,1041578641,0,0,0,0
AT*REF=74490,290718208
AT*PCMD_MAG=74493,0,1037185106,1042273816,0,0,0,0
AT*REF=74494,290718208
AT*PCMD_MAG=74495,0,1035533211,1041212598,0,0,0,0
AT*REF=74496,290718208
AT*PCMD_MAG=74497,0,1034708103,1041229679,0,0,0,0
AT*REF=74498,290718208
AT*PCMD_MAG=74501,0,1033591102,1042101398,0,0,0,0
AT*REF=74502,290718208
AT*PCMD_MAG=74503,0,1033398067,1042419939,0,0,0,0
AT*REF=74504,290718208
AT*PCMD_MAG=74505,0,1033171839,1042496176,0,0,0,0
AT*REF=74506,290718208
AT*PCMD_MAG=74509,0,1031823489,1042463790,0,0,0,0
AT*REF=74510,290718208
AT*PCMD_MAG=74511,0,1030976880,1042363462,0,0,0,0
AT*REF=74512,290718208
AT*PCMD_MAG=74513,0,1031234769,1042206737,0,0,0,0
AT*REF=74514,290718208
AT*PCMD_MAG=74515,0,1031995290,1042135211,0,0,0,0
AT*REF=74516,290718208
AT*PCMD_MAG=74517,0,1032923536,1042073251,0,0,0,0
AT*REF=74518,290718208
AT*PCMD_MAG=74519,0,1033498738,1042097692,0,0,0,0
AT*REF=74520,290718208
AT*PCMD_MAG=74523,0,1034010487,1042063897,0,0,0,0
AT*REF=74524,290718208
AT*PCMD_MAG=74525,0,1034577641,1042136718,0,0,0,0
AT*REF=74526,290718208
AT*PCMD_MAG=74529,0,1034324136,1042424818,0,0,0,0
AT*REF=74530,290718208
AT*PCMD_MAG=74537,0,1034778665,1042522875,0,0,0,0
AT*REF=74538,290718208
AT*PCMD_MAG=74539,0,1034638403,1042497966,0,0,0,0
AT*REF=74540,290718208
AT*PCMD_MAG=74543,0,1034325388,1042030556,0,0,0,0
AT*REF=74544,290718208
AT*PCMD_MAG=74545,0,1034458895,1041992877,0,0,0,0
AT*REF=74546,290718208
AT*PCMD_MAG=74547,0,1034565623,1042035038,0,0,0,0
AT*REF=74548,290718208
AT*PCMD_MAG=74549,0,1034974072,1042123537,0,0,0,0
AT*REF=74550,290718208
AT*PCMD_MAG=74551,0,1035345647,1042131951,0,0,0,0
AT*REF=74552,290718208
AT*PCMD_MAG=74553,0,1035975936,1041762168,0,0,0,0
AT*REF=74554,290718208
AT*PCMD_MAG=74555,0,1036567860,1041336878,0,0,0,0
AT*REF=74556,290718208
AT*PCMD_MAG=74557,0,1037644875,1040924200,0,0,0,0
AT*REF=74558,290718208
AT*PCMD_MAG=74559,0,1038150386,1040702307,0,0,0,0
AT*REF=74560,290718208
AT*PCMD_MAG=74563,0,1038324986,1040174653,0,0,0,0
AT*REF=74564,290718208
AT*PCMD_MAG=74569,0,1037267684,1043471217,0,0,0,0
AT*REF=74570,290718208
AT*PCMD_MAG=74573,0,1036047044,1043997109,0,0,0,0
AT*REF=74574,290718208
AT*PCMD_MAG=74587,0,1042225994,1045338689,0,0,0,0
AT*REF=74588,290718208
AT*PCMD_MAG=74605,0,1042977120,1043392594,0,0,0,0
AT*REF=74606,290718208
AT*PCMD_MAG=74613,0,1042128072,1043843743,0,0,0,0
AT*REF=74614,290718208
AT*PCMD_MAG=74619,0,1041996409,1042936528,0,0,0,0
AT*REF=74620,290718208
AT*PCMD_MAG=74621,0,1041945922,1042871632,0,0,0,0
AT*REF=74622,290718208
AT*PCMD_MAG=74623,0,1041960394,1042810929,0,0,0,0
AT*REF=74624,290718208
AT*PCMD_MAG=74627,0,1042175470,1042658593,0,0,0,0
AT*REF=74628,290718208
AT*PCMD_MAG=74629,0,1042219397,1042428530,0,0,0,0
AT*REF=74630,290718208
AT*PCMD_MAG=74631,0,1042190251,1042110225,0,0,0,0
AT*REF=74632,290718208
AT*PCMD_MAG=74633,0,1042063710,1041999195,0,0,0,0
AT*REF=74634,290718208
AT*PCMD_MAG=74637,0,1041858675,1041624100,0,0,0,0
AT*REF=74638,290718208
AT*PCMD_MAG=74639,0,1041842419,1041666870,0,0,0,0
AT*REF=74640,290718208
AT*PCMD_MAG=74643,0,1041865459,1041989682,0,0,0,0
AT*REF=74644,290718208
AT*PCMD_MAG=74645,0,1041950754,1042135215,0,0,0,0
AT*REF=74646,290718208
AT*PCMD_MAG=74647,0,1042040999,1042254219,0,0,0,0
AT*REF=74648,290718208
AT*PCMD_MAG=74649,0,1042129028,1042350865,0,0,0,0
AT*REF=74650,290718208
AT*PCMD_MAG=74651,0,1042242289,1042543548,0,0,0,0
AT*REF=74652,290718208
AT*PCMD_MAG=74653,0,1042295267,1042755532,0,0,0,0
AT*REF=74654,290718208
AT*PCMD_MAG=74655,0,1042295340,1042879474,0,0,0,0
AT*REF=74656,290718208
AT*PCMD_MAG=74659,0,1042185203,1042962528,0,0,0,0
AT*REF=74660,290718208
AT*PCMD_MAG=74661,0,1042112409,1042930241,0,0,0,0
AT*REF=74662,290718208
AT*PCMD_MAG=74663,0,1042071453,1042998015,0,0,0,0
AT*REF=74664,290718208
AT*PCMD_MAG=74665,0,1042004771,1043108214,0,0,0,0
AT*REF=74666,290718208
AT*PCMD_MAG=74669,0,1041898122,1043222732,0,0,0,0
AT*REF=74670,290718208
AT*PCMD_MAG=74671,0,1041935149,1043207748,0,0,0,0
AT*REF=74672,290718208
AT*PCMD_MAG=74675,0,1042111092,1043369096,0,0,0,0
AT*REF=74676,290718208
AT*PCMD_MAG=74677,0,1042198353,1043533385,0,0,0,0
AT*REF=74678,290718208
AT*PCMD_MAG=74679,0,1042298316,1043645272,0,0,0,0
AT*REF=74680,290718208
AT*PCMD_MAG=74683,0,1042418653,1043659532,0,0,0,0
AT*REF=74684,290718208
AT*PCMD_MAG=74685,0,1042443620,1043681499,0,0,0,0
AT*REF=74686,290718208
AT*PCMD_MAG=74687,0,1042474899,1043791044,0,0,0,0
AT*REF=74688,290718208
AT*PCMD_MAG=74689,0,1042569295,1043958178,0,0,0,0
AT*REF=74690,290718208
AT*PCMD_MAG=74691,0,1042632267,1044019513,0,0,0,0
AT*REF=74692,290718208
AT*PCMD_MAG=74693,0,1042682190,1044089159,0,0,0,0
AT*REF=74694,290718208
AT*PCMD_MAG=74695,0,1042717125,1044183648,0,0,0,0
AT*REF=74696,290718208
AT*PCMD_MAG=74697,0,1042773972,1044319711,0,0,0,0
AT*REF=74698,290718208
AT*PCMD_MAG=74699,0,1042862243,1044446338,0,0,0,0
AT*REF=74700,290718208
AT*PCMD_MAG=74701,0,1042949151,1044500724,0,0,0,0
AT*REF=74702,290718208
AT*PCMD_MAG=74703,0,1043038059,1044551361,0,0,0,0
AT*REF=74704,290718208
AT*PCMD_MAG=74705,0,1043126941,1044623438,0,0,0,0
AT*REF=74706,290718208
AT*PCMD_MAG=74707,0,1043207356,1044724598,0,0,0,0
AT*REF=74708,290718208
AT*PCMD_MAG=74709,0,1043244040,1044751078,0,0,0,0
AT*REF=74710,290718208
AT*PCMD_MAG=74711,0,1043209228,1044784443,0,0,0,0
AT*REF=74712,290718208
AT*PCMD_MAG=74713,0,1043156311,1044822564,0,0,0,0
AT*REF=74714,290718208
AT*PCMD_MAG=74715,0,1043115157,1044816269,0,0,0,0
AT*REF=74716,290718208
AT*PCMD_MAG=74717,0,1043093028,1044791838,0,0,0,0
AT*REF=74718,290718208
AT*PCMD_MAG=74719,0,1043048846,1044735827,0,0,0,0
AT*REF=74720,290718208
AT*PCMD_MAG=74725,0,1042917943,1044708916,0,0,0,0
AT*REF=74726,290718208
AT*PCMD_MAG=74727,0,1042884204,1044775441,0,0,0,0
AT*REF=74728,290718208
AT*PCMD_MAG=74729,0,1042791818,1044720278,0,0,0,0
AT*REF=74730,290718208
AT*PCMD_MAG=74731,0,1042766441,1044774079,0,0,0,0
AT*REF=74732,290718208
AT*PCMD_MAG=74735,0,1042664607,1044846131,0,0,0,0
AT*REF=74736,290718208
AT*PCMD_MAG=74739,0,1042529918,1044755371,0,0,0,0
AT*REF=74740,290718208
AT*PCMD_MAG=74741,0,1042502263,1044711779,0,0,0,0
AT*REF=74742,290718208
AT*PCMD_MAG=74743,0,1042499695,1044665776,0,0,0,0
AT*REF=74744,290718208
AT*PCMD_MAG=74745,0,1042495850,1044615111,0,0,0,0
AT*REF=74746,290718208
AT*PCMD_MAG=74749,0,1042476239,1044519733,0,0,0,0
AT*REF=74750,290718208
AT*PCMD_MAG=74751,0,1042467503,1044440407,0,0,0,0
AT*REF=74752,290718208
AT*PCMD_MAG=74753,0,1042441608,1044385933,0,0,0,0
AT*REF=74754,290718208
AT*PCMD_MAG=74755,0,1042425569,1044377140,0,0,0,0
AT*REF=74756,290718208
AT*PCMD_MAG=74757,0,1042440459,1044360722,0,0,0,0
AT*REF=74758,290718208
AT*PCMD_MAG=74765,0,1042456338,1044333052,0,0,0,0
AT*REF=74766,290718208
AT*PCMD_MAG=74767,0,1042432129,1044359623,0,0,0,0
AT*REF=74768,290718208
AT*PCMD_MAG=74769,0,1042409019,1044342485,0,0,0,0
AT*REF=74770,290718208
AT*PCMD_MAG=74771,0,1042420635,1044311585,0,0,0,0
AT*REF=74772,290718208
AT*PCMD_MAG=74775,0,1042359053,1044217385,0,0,0,0
AT*REF=74776,290718208
AT*PCMD_MAG=74777,0,1042275538,1044163643,0,0,0,0
AT*REF=74778,290718208
AT*PCMD_MAG=74779,0,1042220951,1044125668,0,0,0,0
AT*REF=74780,290718208
AT*PCMD_MAG=74781,0,1042230077,1044118790,0,0,0,0
AT*REF=74782,290718208
AT*PCMD_MAG=74781,0,1042230077,1044118790,0,0,0,0
AT*REF=74782,290718208
AT*PCMD_MAG=74783,0,1042248408,1044103205,0,0,0,0
AT*REF=74784,290718208
AT*PCMD_MAG=74785,0,1042251092,1044102246,0,0,0,0
AT*REF=74786,290718208
AT*PCMD_MAG=74795,0,1042161955,1043903490,0,0,0,0
AT*REF=74796,290718208
AT*PCMD_MAG=74799,0,1042209642,1043872317,0,1017817771,0,0
AT*REF=74800,290718208
AT*PCMD_MAG=74801,0,1042243932,1043829459,0,1017817771,0,0
AT*REF=74802,290718208
AT*PCMD_MAG=74803,0,1042261027,1043806922,0,1017817771,0,0
AT*REF=74804,290718208
AT*PCMD_MAG=74813,0,1042448495,1043855810,0,1017817771,0,0
AT*REF=74814,290718208
AT*PCMD_MAG=74815,0,1042514811,1043857882,0,1017817771,0,0
AT*REF=74816,290718208
AT*PCMD_MAG=74817,0,1042586517,1043858565,0,1017817771,0,0
AT*REF=74818,290718208
AT*PCMD_MAG=74819,0,1042661283,1043882665,0,1017817771,0,0
AT*REF=74820,290718208
AT*PCMD_MAG=74821,0,1042726642,1043847213,0,1026206379,0,0
AT*REF=74822,290718208
AT*PCMD_MAG=74823,0,1042794005,1043818831,0,1026206379,0,0
AT*REF=74824,290718208
AT*PCMD_MAG=74825,0,1042839227,1043764972,0,1026206379,0,0
AT*REF=74826,290718208
AT*PCMD_MAG=74827,0,1042856205,1043737965,0,1031798784,0,0
AT*REF=74828,290718208
AT*PCMD_MAG=74831,0,1042844212,1043679752,0,1034594987,0,0
AT*REF=74832,290718208
AT*PCMD_MAG=74835,0,1042715351,1043628576,0,1040187392,0,0
AT*REF=74836,290718208
AT*PCMD_MAG=74837,0,1042716915,1043614457,0,1041585493,0,0
AT*REF=74838,290718208
AT*PCMD_MAG=74839,0,1042737350,1043632066,0,1042983595,0,0
AT*REF=74840,290718208
AT*PCMD_MAG=74841,0,1042748359,1043659000,0,1042983595,0,0
AT*REF=74842,290718208
AT*PCMD_MAG=74843,0,1042779483,1043689317,0,1044381696,0,0
AT*REF=74844,290718208
AT*PCMD_MAG=74845,0,1042799659,1043694284,0,1044381696,0,0
AT*REF=74846,290718208
AT*PCMD_MAG=74847,0,1042783425,1043717226,0,1045779797,0,0
AT*REF=74848,290718208
AT*PCMD_MAG=74849,0,1042783989,1043755786,0,1047177899,0,0
AT*REF=74850,290718208
AT*PCMD_MAG=74851,0,1042811505,1043811447,0,1047177899,0,0
AT*REF=74852,290718208
AT*PCMD_MAG=74853,0,1042867086,1043917334,0,1048576000,0,0
AT*REF=74854,290718208
AT*PCMD_MAG=74855,0,1042885790,1043975005,0,1049275051,0,0
AT*REF=74856,290718208
AT*PCMD_MAG=74859,0,1042839040,1044103772,0,1050673152,0,0
AT*REF=74860,290718208
AT*PCMD_MAG=74861,0,1042792923,1044187169,0,1050673152,0,0
AT*REF=74862,290718208
AT*PCMD_MAG=74863,0,1042764224,1044168193,0,1050673152,0,0
AT*REF=74864,290718208
AT*PCMD_MAG=74863,0,1042764224,1044168193,0,1050673152,0,0
AT*REF=74864,290718208
AT*PCMD_MAG=74863,0,1042764224,1044168193,0,1050673152,0,0
AT*REF=74864,290718208
AT*PCMD_MAG=74863,0,1042764224,1044168193,0,1050673152,0,0
AT*REF=74864,290718208
AT*PCMD_MAG=74867,0,1042695682,1044198033,0,1051372203,0,0
AT*REF=74868,290718208
AT*PCMD_MAG=74869,0,1042617099,1044414499,0,1051372203,0,0
AT*REF=74870,290718208
AT*PCMD_MAG=74877,0,1042390475,1044230957,0,1051372203,0,0
AT*REF=74878,290718208
AT*PCMD_MAG=74879,0,1042274748,1044175220,0,1051372203,0,0
AT*REF=74880,290718208
AT*PCMD_MAG=74887,0,1043437626,1042890087,0,1051372203,0,0
AT*REF=74888,290718208
AT*PCMD_MAG=74897,0,1043705306,1040701761,0,1051372203,0,0
AT*REF=74898,290718208
AT*PCMD_MAG=74901,0,1043798361,1039894805,0,1051372203,0,0
AT*REF=74902,290718208
AT*PCMD_MAG=74903,0,1043769467,1039157155,0,1051372203,0,0
AT*REF=74904,290718208
AT*PCMD_MAG=74905,0,1043788308,1038644359,0,1051372203,0,0
AT*REF=74906,290718208
AT*PCMD_MAG=74907,0,1043895718,1038327096,0,1051372203,0,0
AT*REF=74908,290718208
AT*PCMD_MAG=74909,0,1044197262,1037722652,0,1051372203,0,0
AT*REF=74910,290718208
AT*PCMD_MAG=74911,0,1044471493,1037142491,0,1051372203,0,0
AT*REF=74912,290718208
AT*PCMD_MAG=74913,0,1044716381,1036529813,0,1051372203,0,0
AT*REF=74914,290718208
AT*PCMD_MAG=74917,0,1044705432,1035030468,0,1051372203,0,0
AT*REF=74918,290718208
AT*PCMD_MAG=74919,0,1044443865,1034702796,0,1051372203,0,0
AT*REF=74920,290718208
AT*PCMD_MAG=74921,0,1044151877,1034570914,0,1051372203,0,0
AT*REF=74922,290718208
AT*PCMD_MAG=74923,0,1043991133,1034603577,0,1051372203,0,0
AT*REF=74924,290718208
AT*PCMD_MAG=74933,0,1044793929,1035895149,0,1051372203,0,0
AT*REF=74934,290718208
AT*PCMD_MAG=74937,0,1044540297,1036502138,0,1051372203,0,0
AT*REF=74938,290718208
AT*PCMD_MAG=74941,0,1043986109,1037306287,0,1051372203,0,0
AT*REF=74942,290718208
AT*PCMD_MAG=74943,0,1043989581,1037836353,0,1051372203,0,0
AT*REF=74944,290718208
AT*PCMD_MAG=74945,0,1044258967,1038337173,0,1051372203,0,0
AT*REF=74946,290718208
AT*PCMD_MAG=74949,0,1044971593,1039496890,0,1051372203,0,0
AT*REF=74950,290718208
AT*PCMD_MAG=74953,0,1045142357,1039991143,0,1051372203,0,0
AT*REF=74954,290718208
AT*PCMD_MAG=74957,0,1045094691,1039533670,0,1051372203,0,0
AT*REF=74958,290718208
AT*PCMD_MAG=74961,0,1045380140,1038872170,0,1051372203,0,0
AT*REF=74962,290718208
AT*PCMD_MAG=74963,0,1045535482,1038583198,0,1051372203,0,0
AT*REF=74964,290718208
AT*PCMD_MAG=74967,0,1045535900,1038213783,0,1051372203,0,0
AT*REF=74968,290718208
AT*PCMD_MAG=74977,0,1045235646,1036166745,0,1051372203,0,0
AT*REF=74978,290718208
AT*PCMD_MAG=74981,0,1045326497,1035635585,0,1051372203,0,0
AT*REF=74982,290718208
AT*PCMD_MAG=74987,0,1045894479,1035536936,0,1051372203,0,0
AT*REF=74988,290718208
AT*PCMD_MAG=74989,0,1046230129,1035702277,0,1051372203,0,0
AT*REF=74990,290718208
AT*PCMD_MAG=74991,0,1046497086,1035641041,0,1051372203,0,0
AT*REF=74992,290718208
AT*PCMD_MAG=74993,0,1046653280,1035401853,0,1051372203,0,0
AT*REF=74994,290718208
AT*PCMD_MAG=74993,0,1046653280,1035401853,0,1051372203,0,0
AT*REF=74994,290718208
AT*PCMD_MAG=74993,0,1046653280,1035401853,0,1051372203,0,0
AT*REF=74994,290718208
AT*PCMD_MAG=74995,0,1046697110,1035140446,0,1051372203,0,0
AT*REF=74996,290718208
AT*PCMD_MAG=74997,0,1046644070,1034741006,0,1051372203,0,0
AT*REF=74998,290718208
AT*PCMD_MAG=75001,0,1046577453,1034004790,0,1051372203,0,0
AT*REF=75002,290718208
AT*PCMD_MAG=75005,0,1047038076,1033641985,0,1051372203,0,0
AT*REF=75006,290718208
AT*PCMD_MAG=75007,0,1047248251,1033648770,0,1051372203,0,0
AT*REF=75008,290718208
AT*PCMD_MAG=75011,0,1047392767,1033758781,0,1051372203,0,0
AT*REF=75012,290718208
AT*PCMD_MAG=75013,0,1047330371,1033871683,0,1051372203,0,0
AT*REF=75014,290718208
AT*PCMD_MAG=75015,0,1047235120,1033921516,0,1051372203,0,0
AT*REF=75016,290718208
AT*PCMD_MAG=75017,0,1047061237,1033911184,0,1051372203,0,0
AT*REF=75018,290718208
AT*PCMD_MAG=75021,0,1046503026,1033691982,0,1051372203,0,0
AT*REF=75022,290718208
AT*PCMD_MAG=75023,0,1046294644,1033605079,0,1051372203,0,0
AT*REF=75024,290718208
AT*PCMD_MAG=75025,0,1046206076,1033605096,0,1051372203,0,0
AT*REF=75026,290718208
AT*PCMD_MAG=75027,0,1046234603,1033690689,0,1051372203,0,0
AT*REF=75028,290718208
AT*PCMD_MAG=75029,0,1046319527,1033850351,0,1051372203,0,0
AT*REF=75030,290718208
AT*PCMD_MAG=75033,0,1046314098,1034166505,0,1051372203,0,0
AT*REF=75034,290718208
AT*PCMD_MAG=75035,0,1046250476,1034306360,0,1051372203,0,0
AT*REF=75036,290718208
AT*PCMD_MAG=75037,0,1046201328,1034374047,0,1051372203,0,0
AT*REF=75038,290718208
AT*PCMD_MAG=75039,0,1046147517,1034441643,0,1051372203,0,0
AT*REF=75040,290718208
AT*PCMD_MAG=75041,0,1046102657,1034434886,0,1051372203,0,0
AT*REF=75042,290718208
AT*PCMD_MAG=75051,0,1045970079,1034167191,0,1051372203,0,0
AT*REF=75052,290718208
AT*PCMD_MAG=75059,0,1045673955,1034372875,0,1051372203,0,0
AT*REF=75060,290718208
AT*PCMD_MAG=75061,0,1045541376,1034399558,0,1051372203,0,0
AT*REF=75062,290718208
AT*PCMD_MAG=75065,0,1045210539,1034421028,0,1051372203,0,0
AT*REF=75066,290718208
AT*PCMD_MAG=75067,0,1045142247,1034392547,0,1051372203,0,0
AT*REF=75068,290718208
AT*PCMD_MAG=75069,0,1045117338,1034417463,0,1051372203,0,0
AT*REF=75070,290718208
AT*PCMD_MAG=75075,0,1044758210,1034635434,0,1051372203,0,0
AT*REF=75076,290718208
AT*PCMD_MAG=75077,0,1044645370,1034703080,0,1051372203,0,0
AT*REF=75078,290718208
AT*PCMD_MAG=75081,0,1044761057,1034721927,0,1051372203,0,0
AT*REF=75082,290718208
AT*PCMD_MAG=75083,0,1044791198,1034729264,0,1051372203,0,0
AT*REF=75084,290718208
AT*PCMD_MAG=75087,0,1044774769,1034873205,0,1051372203,0,0
AT*REF=75088,290718208
AT*PCMD_MAG=75089,0,1044759638,1034863766,0,1051372203,0,0
AT*REF=75090,290718208
AT*PCMD_MAG=75091,0,1044769699,1034842298,0,1051372203,0,0
AT*REF=75092,290718208
AT*PCMD_MAG=75099,0,1044106583,1034730151,0,0,0,0
AT*REF=75100,290718208
AT*PCMD_MAG=75103,0,1044005904,1035004599,0,0,0,0
AT*REF=75104,290718208
AT*PCMD_MAG=75105,0,1044058943,1034972539,0,0,0,0
AT*REF=75106,290718208
AT*PCMD_MAG=75107,0,1044107845,1034988136,0,0,0,0
AT*REF=75108,290718208
AT*PCMD_MAG=75109,0,1044132094,1035061713,0,0,0,0
AT*REF=75110,290718208
AT*PCMD_MAG=75113,0,1044056904,1034999397,0,0,0,0
AT*REF=75114,290718208
AT*PCMD_MAG=75117,0,1043934440,1035306545,0,0,0,0
AT*REF=75118,290718208
AT*PCMD_MAG=75121,0,1044057211,1035583749,0,0,0,0
AT*REF=75122,290718208
AT*PCMD_MAG=75129,0,1044264646,1035863143,0,0,0,0
AT*REF=75130,290718208
AT*PCMD_MAG=75161,0,1044243054,1034396462,0,0,0,0
AT*REF=75162,290718208
AT*PCMD_MAG=75165,0,1043821826,1033288840,0,0,0,0
AT*REF=75166,290718208
AT*PCMD_MAG=75177,0,1042916158,1036217464,0,0,0,0
AT*REF=75178,290718208
AT*PCMD_MAG=75183,0,1042787748,1039005456,0,0,0,0
AT*REF=75184,290718208
AT*PCMD_MAG=75187,0,1042581399,1040023939,0,0,0,0
AT*REF=75188,290718208
AT*PCMD_MAG=75191,0,1042212799,1040704336,0,0,0,0
AT*REF=75192,290718208
AT*PCMD_MAG=75195,0,1041864745,1041383950,0,0,0,0
AT*REF=75196,290718208
AT*PCMD_MAG=75199,0,1041485020,1041910540,0,0,0,0
AT*REF=75200,290718208
AT*PCMD_MAG=75199,0,1041485020,1041910540,0,0,0,0
AT*REF=75200,290718208
AT*PCMD_MAG=75199,0,1041485020,1041910540,0,0,0,0
AT*REF=75200,290718208
AT*PCMD_MAG=75199,0,1041485020,1041910540,0,0,0,0
AT*REF=75200,290718208
AT*PCMD_MAG=75201,0,1041057647,1042214494,0,0,0,0
AT*REF=75202,290718208
AT*PCMD_MAG=75203,0,1040556182,1043114286,0,0,0,0
AT*REF=75204,290718208
AT*PCMD_MAG=75205,0,1040396867,1043849322,0,0,0,0
AT*REF=75206,290718208
AT*PCMD_MAG=75209,0,1040438689,1045842212,0,0,0,0
AT*REF=75210,290718208
AT*PCMD_MAG=75211,0,1040686115,1046384952,0,0,0,0
AT*REF=75212,290718208
AT*PCMD_MAG=75215,0,1041235934,1046265060,0,0,0,0
AT*REF=75216,290718208
AT*PCMD_MAG=75217,0,1041559103,1046335945,0,0,0,0
AT*REF=75218,290718208
AT*PCMD_MAG=75219,0,1041619101,1046648839,0,0,0,0
AT*REF=75220,290718208
AT*PCMD_MAG=75223,0,1041848176,1047369937,0,0,0,0
AT*REF=75224,290718208
AT*PCMD_MAG=75225,0,1042101855,1047514574,0,0,0,0
AT*REF=75226,290718208
AT*PCMD_MAG=75229,0,1042433203,1047617100,0,0,0,0
AT*REF=75230,290718208
AT*PCMD_MAG=75231,0,1042605114,1047621662,0,0,0,0
AT*REF=75232,290718208
AT*PCMD_MAG=75235,0,1042936023,1047805194,0,1017817771,0,0
AT*REF=75236,290718208
AT*PCMD_MAG=75245,0,1043134044,1048452051,0,1059760811,0,0
AT*REF=75246,290718208
AT*PCMD_MAG=75249,0,1043137909,1048559778,0,1062207488,0,0
AT*REF=75250,290718208
AT*PCMD_MAG=75251,0,1043141788,1048609839,0,1062906539,0,0
AT*REF=75252,290718208
AT*PCMD_MAG=75257,0,1043234765,1048617411,0,1062906539,0,0
AT*REF=75258,290718208
AT*PCMD_MAG=75257,0,1043234765,1048617411,0,1062906539,0,0
AT*REF=75258,290718208
AT*PCMD_MAG=75259,0,1043256442,1048605487,0,1063256064,0,0
AT*REF=75260,290718208
AT*PCMD_MAG=75263,0,1043316333,1048589526,0,1063256064,0,0
AT*REF=75264,290718208
AT*PCMD_MAG=75265,0,1043353426,1048577471,0,1063256064,0,0
AT*REF=75266,290718208
AT*PCMD_MAG=75271,0,1043334171,1048429533,0,1063256064,0,0
AT*REF=75272,290718208
AT*PCMD_MAG=75273,0,1043285522,1048376691,0,1063256064,0,0
AT*REF=75274,290718208
AT*PCMD_MAG=75277,0,1043154023,1048349520,0,1063605589,0,0
AT*REF=75278,290718208
AT*PCMD_MAG=75279,0,1043098348,1048357907,0,1063955115,0,0
AT*REF=75280,290718208
AT*PCMD_MAG=75281,0,1043042644,1048349733,0,1063955115,0,0
AT*REF=75282,290718208
AT*PCMD_MAG=75283,0,1042996321,1048333896,0,1064304640,0,0
AT*REF=75284,290718208
AT*PCMD_MAG=75285,0,1042957370,1048290112,0,1064654165,0,0
AT*REF=75286,290718208
AT*PCMD_MAG=75287,0,1042929254,1048253421,0,1064654165,0,0
AT*REF=75288,290718208
AT*PCMD_MAG=75289,0,1042909761,1048214567,0,1064654165,0,0
AT*REF=75290,290718208
AT*PCMD_MAG=75291,0,1042879821,1048198038,0,1065003691,0,0
AT*REF=75292,290718208
AT*PCMD_MAG=75295,0,1042813471,1048156946,0,1065353216,0,0
AT*REF=75296,290718208
AT*PCMD_MAG=75297,0,1042770778,1048147914,0,1065353216,0,0
AT*REF=75298,290718208
AT*PCMD_MAG=75301,0,1042741155,1048148044,0,1065353216,0,0
AT*REF=75302,290718208
AT*PCMD_MAG=75303,0,1042756696,1048108366,0,1065353216,0,0
AT*REF=75304,290718208
AT*PCMD_MAG=75309,0,1042888106,1047996255,0,1065353216,0,0
AT*REF=75310,290718208
AT*PCMD_MAG=75311,0,1042937663,1047920437,0,1065353216,0,0
AT*REF=75312,290718208
AT*PCMD_MAG=75313,0,1042974359,1047866323,0,1065353216,0,0
AT*REF=75314,290718208
AT*PCMD_MAG=75315,0,1043020039,1047803867,0,1065353216,0,0
AT*REF=75316,290718208
AT*PCMD_MAG=75317,0,1043066730,1047775905,0,1065353216,0,0
AT*REF=75318,290718208
AT*PCMD_MAG=75319,0,1043086559,1047800940,0,1065353216,0,0
AT*REF=75320,290718208
AT*PCMD_MAG=75323,0,1043089822,1047787797,0,1065353216,0,0
AT*REF=75324,290718208
AT*PCMD_MAG=75325,0,1043102518,1047808290,0,1065353216,0,0
AT*REF=75326,290718208
AT*PCMD_MAG=75329,0,1043144111,1047790861,0,1065353216,0,0
AT*REF=75330,290718208
AT*PCMD_MAG=75331,0,1043125208,1047796394,0,1065353216,0,0
AT*REF=75332,290718208
AT*PCMD_MAG=75331,0,1043125208,1047796394,0,1065353216,0,0
AT*REF=75332,290718208
AT*PCMD_MAG=75331,0,1043125208,1047796394,0,1065353216,0,0
AT*REF=75332,290718208
AT*PCMD_MAG=75331,0,1043125208,1047796394,0,1065353216,0,0
AT*REF=75332,290718208
AT*PCMD_MAG=75331,0,1043125208,1047796394,0,1065353216,0,0
AT*REF=75332,290718208
AT*PCMD_MAG=75333,0,1043040893,1047769156,0,1065353216,0,0
AT*REF=75334,290718208
AT*PCMD_MAG=75335,0,1042984676,1047745512,0,1065353216,0,0
AT*REF=75336,290718208
AT*PCMD_MAG=75341,0,1042759690,1047593473,0,1065353216,0,0
AT*REF=75342,290718208
AT*PCMD_MAG=75343,0,1042693100,1047547615,0,1065353216,0,0
AT*REF=75344,290718208
AT*PCMD_MAG=75345,0,1042629703,1047489845,0,1065353216,0,0
AT*REF=75346,290718208
AT*PCMD_MAG=75347,0,1042579979,1047416463,0,1065353216,0,0
AT*REF=75348,290718208
AT*PCMD_MAG=75349,0,1042537607,1047340162,0,1065353216,0,0
AT*REF=75350,290718208
AT*PCMD_MAG=75359,0,1042455845,1047278740,0,1065353216,0,0
AT*REF=75360,290718208
AT*PCMD_MAG=75365,0,1042512471,1047261762,0,1065353216,0,0
AT*REF=75366,290718208
AT*PCMD_MAG=75369,0,1042477596,1047222149,0,1065353216,0,0
AT*REF=75370,290718208
AT*PCMD_MAG=75371,0,1042455331,1047201850,0,1065353216,0,0
AT*REF=75372,290718208
AT*PCMD_MAG=75391,0,1042816824,1046965309,0,1065353216,0,0
AT*REF=75392,290718208
AT*PCMD_MAG=75409,0,1042564112,1046834415,0,1065353216,0,0
AT*REF=75410,290718208
AT*PCMD_MAG=75417,0,1042711769,1046762474,0,1065353216,0,0
AT*REF=75418,290718208
AT*PCMD_MAG=75419,0,1042737777,1046767335,0,1065353216,0,0
AT*REF=75420,290718208
AT*PCMD_MAG=75425,0,1042769615,1046764667,0,1065353216,0,0
AT*REF=75426,290718208
AT*PCMD_MAG=75427,0,1042779568,1046780234,0,1065353216,0,0
AT*REF=75428,290718208
AT*PCMD_MAG=75453,0,1042869815,1046481213,0,1065353216,0,0
AT*REF=75454,290718208
AT*PCMD_MAG=75457,0,1042926030,1046508920,0,1065353216,0,0
AT*REF=75458,290718208
AT*PCMD_MAG=75467,0,1043290494,1046442049,0,1065353216,0,0
AT*REF=75468,290718208
AT*PCMD_MAG=75469,0,1043352406,1046404234,0,1065353216,0,0
AT*REF=75470,290718208
AT*PCMD_MAG=75473,0,1043370679,1046375102,0,1065353216,0,0
AT*REF=75474,290718208
AT*PCMD_MAG=75475,0,1043377843,1046343522,0,1065353216,0,0
AT*REF=75476,290718208
AT*PCMD_MAG=75489,0,1042590274,1045766332,0,0,0,0
AT*REF=75490,290718208
AT*PCMD_MAG=75501,0,1042231171,1044319285,0,0,0,0
AT*REF=75502,290718208
AT*PCMD_MAG=75505,0,1041585552,1043896370,0,0,0,0
AT*REF=75506,290718208
AT*PCMD_MAG=75507,0,1040229246,1043813930,0,0,0,0
AT*REF=75508,290718208
AT*PCMD_MAG=75509,0,1037988709,1043702244,0,0,0,0
AT*REF=75510,290718208
AT*PCMD_MAG=75511,0,1034400303,1043476177,0,0,0,0
AT*REF=75512,290718208
AT*PCMD_MAG=75513,0,1030914762,1043681438,0,0,0,0
AT*REF=75514,290718208
AT*PCMD_MAG=75515,0,1024658217,1044286758,0,0,0,0
AT*REF=75516,290718208
AT*PCMD_MAG=75517,0,1016991899,1044752909,0,0,0,0
AT*REF=75518,290718208
AT*PCMD_MAG=75519,0,983744977,1045102726,0,0,0,0
AT*REF=75520,290718208
AT*PCMD_MAG=75525,0,-1149300013,1044698497,0,0,0,0
AT*REF=75526,290718208
AT*PCMD_MAG=75529,0,-1145983431,1044742337,0,0,0,0
AT*REF=75530,290718208
AT*PCMD_MAG=75537,0,1029496330,1044859702,0,0,0,0
AT*REF=75538,290718208
AT*PCMD_MAG=75539,0,1030890696,1045392952,0,0,0,0
AT*REF=75540,290718208
AT*PCMD_MAG=75541,0,1031897482,1046011671,0,0,0,0
AT*REF=75542,290718208
AT*PCMD_MAG=75543,0,1032334299,1046227259,0,0,0,0
AT*REF=75544,290718208
AT*PCMD_MAG=75553,0,1031299584,1045425623,0,0,0,0
AT*REF=75554,290718208
AT*PCMD_MAG=75555,0,1030512249,1045223108,0,0,0,0
AT*REF=75556,290718208
AT*PCMD_MAG=75557,0,1029180338,1044760138,0,0,0,0
AT*REF=75558,290718208
AT*PCMD_MAG=75561,0,1027146446,1044070942,0,0,0,0
AT*REF=75562,290718208
AT*PCMD_MAG=75565,0,1026018876,1043337527,0,0,0,0
AT*REF=75566,290718208
AT*PCMD_MAG=75573,0,1028903020,1042753649,0,0,0,0
AT*REF=75574,290718208
AT*PCMD_MAG=75577,0,1030202664,1042909752,0,0,0,0
AT*REF=75578,290718208
AT*PCMD_MAG=75581,0,1028659578,1043099987,0,0,0,0
AT*REF=75582,290718208
AT*PCMD_MAG=75583,0,1027343280,1043317760,0,0,0,0
AT*REF=75584,290718208
AT*PCMD_MAG=75589,0,1022713089,1043840934,0,0,0,0
AT*REF=75590,290718208
AT*PCMD_MAG=75599,0,1020333085,1044684513,0,0,0,0
AT*REF=75600,290718208
AT*PCMD_MAG=75601,0,1020310002,1044811592,0,0,0,0
AT*REF=75602,290718208
AT*PCMD_MAG=75607,0,1021652476,1044950375,0,0,0,0
AT*REF=75608,290718208
AT*PCMD_MAG=75619,0,1023710299,1043881157,0,0,0,0
AT*REF=75620,290718208
AT*PCMD_MAG=75621,0,1024819872,1043747433,0,0,0,0
AT*REF=75622,290718208
AT*PCMD_MAG=75623,0,1025951886,1043590736,0,0,0,0
AT*REF=75624,290718208
AT*PCMD_MAG=75625,0,1027010829,1043495115,0,0,0,0
AT*REF=75626,290718208
AT*PCMD_MAG=75627,0,1028003951,1043464481,0,0,0,0
AT*REF=75628,290718208
AT*PCMD_MAG=75629,0,1028667714,1043481599,0,0,0,0
AT*REF=75630,290718208
AT*PCMD_MAG=75631,0,1029007471,1043514588,0,0,0,0
AT*REF=75632,290718208
AT*PCMD_MAG=75633,0,1029347597,1043564664,0,0,0,0
AT*REF=75634,290718208
AT*PCMD_MAG=75633,0,1029347597,1043564664,0,0,0,0
AT*REF=75634,290718208
AT*PCMD_MAG=75635,0,1029758782,1043702117,0,0,0,0
AT*REF=75636,290718208
AT*PCMD_MAG=75637,0,1030215438,1043871506,0,0,0,0
AT*REF=75638,290718208
AT*PCMD_MAG=75643,1,975055603,968848401,0,0,0,0
AT*REF=75644,290718208
AT*PCMD_MAG=75645,1,982955856,990922848,0,0,0,0
AT*REF=75646,290718208
AT*PCMD_MAG=75647,1,981634987,998696523,0,0,0,0
AT*REF=75648,290718208
AT*PCMD_MAG=75649,1,978094274,1000822664,0,0,0,0
AT*REF=75650,290718208
AT*PCMD_MAG=75651,1,965818718,1002520469,0,0,0,0
AT*REF=75652,290718208
AT*PCMD_MAG=75653,1,-1171132409,1004762376,0,0,0,0
AT*REF=75654,290718208
AT*PCMD_MAG=75661,1,-1149046390,998778703,0,0,0,0
AT*REF=75662,290718208
AT*PCMD_MAG=75707,1,-1129201322,-1105523761,0,0,0,0
AT*REF=75708,290718208
AT*PCMD_MAG=75709,1,-1128015298,-1104480586,0,0,0,0
AT*REF=75710,290718208
AT*PCMD_MAG=75717,1,-1126083563,-1102937549,0,0,0,0
AT*REF=75718,290718208
AT*PCMD_MAG=75723,1,-1127407754,-1102770783,0,0,0,0
AT*REF=75724,290718208
AT*PCMD_MAG=75729,1,-1127374694,-1102369437,0,0,0,0
AT*REF=75730,290718208
AT*PCMD_MAG=75731,1,-1127114673,-1102260173,0,0,0,0
AT*REF=75732,290718208
AT*PCMD_MAG=75739,1,-1126775244,-1101474221,0,0,0,0
AT*REF=75740,290718208
AT*PCMD_MAG=75741,1,-1126927222,-1101208331,0,0,0,0
AT*REF=75742,290718208
AT*PCMD_MAG=75745,1,-1126945245,-1100805759,0,0,0,0
AT*REF=75746,290718208
AT*PCMD_MAG=75749,1,-1125961131,-1100521041,0,0,0,0
AT*REF=75750,290718208
AT*PCMD_MAG=75753,1,-1124333115,-1100458151,0,0,0,0
AT*REF=75754,290718208
AT*PCMD_MAG=75755,1,-1123960400,-1100570485,0,0,0,0
AT*REF=75756,290718208
AT*PCMD_MAG=75755,1,-1123960400,-1100570485,0,0,0,0
AT*REF=75756,290718208
AT*PCMD_MAG=75755,1,-1123960400,-1100570485,0,0,0,0
AT*REF=75756,290718208
AT*PCMD_MAG=75757,1,-1123757404,-1100737450,0,0,0,0
AT*REF=75758,290718208
AT*PCMD_MAG=75759,1,-1123636067,-1101114911,0,0,0,0
AT*REF=75760,290718208
AT*PCMD_MAG=75773,1,-1131087815,1039529005,0,0,0,0
AT*REF=75774,290718208
AT*PCMD_MAG=75775,1,-1131949345,1043467132,0,0,0,0
AT*REF=75776,290718208
AT*PCMD_MAG=75777,1,-1134649039,1048044919,0,0,0,0
AT*REF=75778,290718208
AT*PCMD_MAG=75779,1,-1137764850,1049495658,0,0,0,0
AT*REF=75780,290718208
AT*PCMD_MAG=75783,1,-1190888700,1052268952,0,0,0,0
AT*REF=75784,290718208
AT*PCMD_MAG=75785,1,1007695411,1053827140,0,0,0,0
AT*REF=75786,290718208
AT*PCMD_MAG=75787,1,1012536757,1054632882,0,0,0,0
AT*REF=75788,290718208
AT*PCMD_MAG=75789,1,1017078535,1055616937,0,0,0,0
AT*REF=75790,290718208
AT*PCMD_MAG=75795,1,1023498304,1057328650,0,0,0,0
AT*REF=75796,290718208
AT*PCMD_MAG=75797,1,1024829148,1057599019,0,0,0,0
AT*REF=75798,290718208
AT*PCMD_MAG=75799,1,1025666647,1057738759,0,0,0,0
AT*REF=75800,290718208
AT*PCMD_MAG=75803,1,1027314452,1058060136,0,0,0,0
AT*REF=75804,290718208
AT*PCMD_MAG=75805,1,1028216868,1058186346,0,0,0,0
AT*REF=75806,290718208
AT*PCMD_MAG=75807,1,1028684303,1058264431,0,0,0,0
AT*REF=75808,290718208
AT*PCMD_MAG=75811,1,1029715320,1058444506,0,0,0,0
AT*REF=75812,290718208
AT*PCMD_MAG=75813,1,1030218163,1058550062,0,0,0,0
AT*REF=75814,290718208
AT*PCMD_MAG=75817,1,1030843313,1058715375,0,0,0,0
AT*REF=75818,290718208
AT*PCMD_MAG=75821,1,1031832828,1058801178,0,0,0,0
AT*REF=75822,290718208
AT*PCMD_MAG=75823,1,1032125337,1058874334,0,0,0,0
AT*REF=75824,290718208
AT*PCMD_MAG=75831,1,1032793190,1059005869,0,0,0,0
AT*REF=75832,290718208
AT*PCMD_MAG=75833,1,1033041220,1059002293,0,0,0,0
AT*REF=75834,290718208
AT*PCMD_MAG=75835,1,1033553313,1059022870,0,0,0,0
AT*REF=75836,290718208
AT*PCMD_MAG=75837,1,1034338608,1059014586,0,0,0,0
AT*REF=75838,290718208
AT*PCMD_MAG=75839,1,1035371691,1058869503,0,0,0,0
AT*REF=75840,290718208
AT*PCMD_MAG=75841,1,1036604986,1058499352,0,0,0,0
AT*REF=75842,290718208
AT*PCMD_MAG=75843,1,1037805455,1057879403,0,0,0,0
AT*REF=75844,290718208
AT*PCMD_MAG=75845,1,1038636176,1057036613,0,0,0,0
AT*REF=75846,290718208
AT*PCMD_MAG=75847,0,1043385424,1059094852,0,0,0,0
AT*REF=75848,290718208
AT*PCMD_MAG=75849,0,1043713430,1057925021,0,0,0,0
AT*REF=75850,290718208
AT*PCMD_MAG=75853,0,1043522621,1052728457,0,0,0,0
AT*REF=75854,290718208
AT*PCMD_MAG=75855,0,1043610470,1050409753,0,0,0,0
AT*REF=75856,290718208
AT*PCMD_MAG=75859,0,1043937788,1047699928,0,0,0,0
AT*REF=75860,290718208
AT*PCMD_MAG=75861,0,1043808203,1046333898,0,0,0,0
AT*REF=75862,290718208
AT*PCMD_MAG=75863,0,1043929054,1044820254,0,0,0,0
AT*REF=75864,290718208
AT*PCMD_MAG=75867,0,1044475112,1042872957,0,0,0,0
AT*REF=75868,290718208
AT*PCMD_MAG=75871,0,1046236892,1042234960,0,0,0,0
AT*REF=75872,290718208
AT*PCMD_MAG=75873,0,1047187345,1041629946,0,0,0,0
AT*REF=75874,290718208
AT*PCMD_MAG=75875,0,1048538364,1040778312,0,0,0,0
AT*REF=75876,290718208
AT*PCMD_MAG=75877,0,1049030840,1039930867,0,0,0,0
AT*REF=75878,290718208
AT*PCMD_MAG=75879,0,1049683585,1036844285,0,0,0,0
AT*REF=75880,290718208
AT*PCMD_MAG=75883,0,1050793437,1032486399,0,0,0,0
AT*REF=75884,290718208
AT*PCMD_MAG=75887,0,1051557901,1033104410,0,0,0,0
AT*REF=75888,290718208
AT*PCMD_MAG=75889,0,1051896730,1031684489,0,0,0,0
AT*REF=75890,290718208
AT*PCMD_MAG=75889,0,1051896730,1031684489,0,0,0,0
AT*REF=75890,290718208
AT*PCMD_MAG=75889,0,1051896730,1031684489,0,0,0,0
AT*REF=75890,290718208
AT*PCMD_MAG=75891,0,1052344639,1027743687,0,0,0,0
AT*REF=75892,290718208
AT*PCMD_MAG=75897,0,1053792630,1015611701,0,0,0,0
AT*REF=75898,290718208
AT*PCMD_MAG=75905,0,1053620977,1010771603,0,0,0,0
AT*REF=75906,290718208
AT*PCMD_MAG=75909,0,1053736263,1006503398,0,0,0,0
AT*REF=75910,290718208
AT*PCMD_MAG=75915,0,1053848282,1007824865,0,0,0,0
AT*REF=75916,290718208
AT*PCMD_MAG=75919,0,1053798339,1010459440,0,0,0,0
AT*REF=75920,290718208
AT*PCMD_MAG=75925,0,1053853352,1013671848,0,0,0,0
AT*REF=75926,290718208
AT*PCMD_MAG=75929,0,1053823181,1015233559,0,0,0,0
AT*REF=75930,290718208
AT*PCMD_MAG=75931,0,1053774716,1015774522,0,0,0,0
AT*REF=75932,290718208
AT*PCMD_MAG=75933,0,1053704084,1016035608,0,0,0,0
AT*REF=75934,290718208
AT*PCMD_MAG=75935,0,1053653970,1016312058,0,0,0,0
AT*REF=75936,290718208
AT*PCMD_MAG=75937,0,1053640461,1016237119,0,0,0,0
AT*REF=75938,290718208
AT*PCMD_MAG=75941,0,1053606362,1016507237,0,0,0,0
AT*REF=75942,290718208
AT*PCMD_MAG=75943,0,1053605730,1017477239,0,0,0,0
AT*REF=75944,290718208
AT*PCMD_MAG=75945,0,1053610754,1017466222,0,0,0,0
AT*REF=75946,290718208
AT*PCMD_MAG=75947,0,1053621597,1017878401,0,0,0,0
AT*REF=75948,290718208
AT*PCMD_MAG=75951,0,1053647479,1018905898,0,0,0,0
AT*REF=75952,290718208
AT*PCMD_MAG=75955,0,1053610769,1021083326,0,0,0,0
AT*REF=75956,290718208
AT*PCMD_MAG=75957,0,1053542089,1022345977,0,0,0,0
AT*REF=75958,290718208
AT*PCMD_MAG=75959,0,1053464634,1023682138,0,0,0,0
AT*REF=75960,290718208
AT*PCMD_MAG=75963,0,1053289717,1026061762,0,0,0,0
AT*REF=75964,290718208
AT*PCMD_MAG=75965,0,1053139809,1028139789,0,0,0,0
AT*REF=75966,290718208
AT*PCMD_MAG=75967,0,1052977101,1029692200,0,0,0,0
AT*REF=75968,290718208
AT*PCMD_MAG=75973,0,1052831715,1028864816,0,0,0,0
AT*REF=75974,290718208
AT*PCMD_MAG=75975,0,1052885276,1028577070,0,0,0,0
AT*REF=75976,290718208
AT*PCMD_MAG=76009,0,1052890257,1032586949,0,0,0,0
AT*REF=76010,290718208
AT*PCMD_MAG=76015,0,1052238845,1034402279,0,0,0,0
AT*REF=76016,290718208
AT*PCMD_MAG=76017,0,1052158921,1034866324,0,0,0,0
AT*REF=76018,290718208
AT*PCMD_MAG=76021,1,982151334,991654106,0,0,0,0
AT*REF=76022,290718208
AT*PCMD_MAG=76023,1,998180704,1002057244,0,0,0,0
AT*REF=76024,290718208
AT*PCMD_MAG=76025,1,1004412221,1004968474,0,0,0,0
AT*REF=76026,290718208
AT*PCMD_MAG=76027,1,1007893918,1007594553,0,0,0,0
AT*REF=76028,290718208
AT*PCMD_MAG=76029,1,1010143975,1010512535,0,0,0,0
AT*REF=76030,290718208
AT*PCMD_MAG=76031,1,1011327059,1012786129,0,0,0,0
AT*REF=76032,290718208
AT*PCMD_MAG=76033,1,1010549391,1014872300,0,0,0,0
AT*REF=76034,290718208
AT*PCMD_MAG=76037,1,1008347609,1016251578,0,0,0,0
AT*REF=76038,290718208
AT*PCMD_MAG=76039,1,1007780566,1016247945,0,0,0,0
AT*REF=76040,290718208
AT*PCMD_MAG=76041,1,1006039956,1016551058,0,0,0,0
AT*REF=76042,290718208
AT*PCMD_MAG=76043,1,1001552228,1016397062,0,0,0,0
AT*REF=76044,290718208
AT*PCMD_MAG=76045,1,997083556,1016162666,0,0,0,0
AT*REF=76046,290718208
AT*PCMD_MAG=76049,0,1052095614,1038280917,0,0,0,0
AT*REF=76050,290718208
AT*PCMD_MAG=76051,0,1051956250,1038764939,0,0,0,0
AT*REF=76052,290718208
AT*PCMD_MAG=76055,0,1051482689,1040236297,0,0,0,0
AT*REF=76056,290718208
AT*PCMD_MAG=76057,0,1051027124,1040773631,0,0,0,0
AT*REF=76058,290718208
AT*PCMD_MAG=76059,0,1050045490,1041897819,0,0,0,0
AT*REF=76060,290718208
AT*PCMD_MAG=76061,0,1049388443,1042398426,0,0,0,0
AT*REF=76062,290718208
AT*PCMD_MAG=76065,0,1047929606,1043088250,0,0,0,0
AT*REF=76066,290718208
AT*PCMD_MAG=76067,0,1047004397,1043562119,0,0,0,0
AT*REF=76068,290718208
AT*PCMD_MAG=76079,0,1043542472,1045003792,0,0,0,0
AT*REF=76080,290718208
AT*PCMD_MAG=76089,0,1043597376,1045047219,0,0,0,0
AT*REF=76090,290718208
AT*PCMD_MAG=76091,0,1043772174,1044957881,0,0,0,0
AT*REF=76092,290718208
AT*PCMD_MAG=76093,0,1044013491,1044905929,0,0,0,0
AT*REF=76094,290718208
AT*PCMD_MAG=76095,0,1044294817,1044765068,0,0,0,0
AT*REF=76096,290718208
AT*PCMD_MAG=76097,0,1044568288,1044672547,0,0,0,0
AT*REF=76098,290718208
AT*PCMD_MAG=76099,0,1044767461,1044765649,0,0,0,0
AT*REF=76100,290718208
AT*PCMD_MAG=76101,0,1044918529,1044821443,0,0,0,0
AT*REF=76102,290718208
AT*PCMD_MAG=76103,0,1044965291,1044776209,0,0,0,0
AT*REF=76104,290718208
AT*PCMD_MAG=76105,0,1044976812,1044670599,0,0,0,0
AT*REF=76106,290718208
AT*PCMD_MAG=76107,0,1045036258,1044647826,0,0,0,0
AT*REF=76108,290718208
AT*PCMD_MAG=76113,0,1045696836,1044615620,0,0,0,0
AT*REF=76114,290718208
AT*PCMD_MAG=76139,1,1011136451,965678192,0,0,0,0
AT*REF=76140,290718208
AT*PCMD_MAG=76141,1,1012070727,-1173378667,0,0,0,0
AT*REF=76142,290718208
AT*PCMD_MAG=76143,1,1012526856,-1158086780,0,0,0,0
AT*REF=76144,290718208
AT*PCMD_MAG=76147,0,1047678646,1044477381,0,0,0,0
AT*REF=76148,290718208
AT*PCMD_MAG=76153,0,1048003692,1044315573,0,0,0,0
AT*REF=76154,290718208
AT*PCMD_MAG=76157,0,1048234303,1044315597,0,0,0,0
AT*REF=76158,290718208
AT*PCMD_MAG=76159,0,1048329449,1044286940,0,0,0,0
AT*REF=76160,290718208
AT*PCMD_MAG=76161,0,1048419977,1044344423,0,0,0,0
AT*REF=76162,290718208
AT*PCMD_MAG=76165,0,1048575380,1044318263,0,0,0,0
AT*REF=76166,290718208
AT*PCMD_MAG=76171,0,1048594465,1044236965,0,0,0,0
AT*REF=76172,290718208
AT*PCMD_MAG=76177,0,1048273692,1044170278,0,0,0,0
AT*REF=76178,290718208
AT*PCMD_MAG=76193,0,1048002786,1044252375,0,0,0,0
AT*REF=76194,290717696
AT*PCMD_MAG=76223,0,1047701524,1044235040,0,0,0,0
AT*REF=76224,290717696
AT*PCMD_MAG=76229,0,1047558209,1044217730,0,0,0,0
AT*REF=76230,290717696
AT*PCMD_MAG=76231,0,1047495500,1044211917,0,0,0,0
AT*REF=76232,290717696
AT*PCMD_MAG=76233,0,1047405017,1044204533,0,0,0,0
AT*REF=76234,290717696
AT*PCMD_MAG=76245,0,1046624098,1044103868,0,0,0,0
AT*REF=76246,290717696
AT*PCMD_MAG=76251,0,1046413959,1044171267,0,0,0,0
AT*REF=76252,290717696
AT*PCMD_MAG=76273,0,1044793354,1044880640,0,0,0,0
AT*REF=76274,290717696
AT*PCMD_MAG=76277,0,1044419864,1045212586,0,0,0,0
AT*REF=76278,290717696
AT*PCMD_MAG=76281,0,1044122553,1045162432,0,0,0,0
AT*REF=76282,290717696
AT*PCMD_MAG=76281,0,1044122553,1045162432,0,0,0,0
AT*REF=76282,290717696
AT*PCMD_MAG=76283,0,1043946981,1045117445,0,0,0,0
AT*REF=76284,290717696
AT*PCMD_MAG=76285,0,1043542516,1044995479,0,0,0,0
AT*REF=76286,290717696
AT*PCMD_MAG=76287,0,1043542516,1044995479,0,0,0,0
AT*REF=76288,290717696
AT*PCMD_MAG=76289,0,1043135300,1044942530,0,0,0,0
AT*REF=76290,290717696
AT*PCMD_MAG=76291,0,1043135300,1044942530,0,0,0,0
AT*REF=76292,290717696
AT*PCMD_MAG=76293,0,1042619521,1044447543,0,0,0,0
AT*REF=76294,290717696
AT*PCMD_MAG=76297,0,1042253044,1043887065,0,0,0,0
AT*REF=76298,290717696
AT*PCMD_MAG=76299,0,1042115895,1043574864,0,0,0,0
AT*REF=76300,290717696
AT*PCMD_MAG=76301,0,1041886890,1043050729,0,0,0,0
AT*REF=76302,290717696
AT*PCMD_MAG=76305,0,1041289141,1041737552,0,0,0,0
AT*REF=76306,290717696
AT*CONFIG_IDS=76307,"4526d587","de476a00","efc8fd84"
AT*CONFIG=76308,"control:flying_camera_enable","FALSE"
AT*PCMD_MAG=76309,0,1041289141,1041737552,0,0,0,0
AT*REF=76310,290717696
AT*CTRL=76311,5,0
AT*PCMD_MAG=76312,0,1041289141,1041737552,0,0,0,0
AT*REF=76313,290717696
AT*CTRL=76314,5,0
AT*PCMD_MAG=76315,0,1041289141,1041737552,0,0,0,0
AT*REF=76316,290717696
AT*PCMD_MAG=76317,0,1040977820,1040424911,0,0,0,0
AT*REF=76318,290717696
AT*PCMD_MAG=76321,0,1040615737,1037723658,0,0,0,0
AT*REF=76322,290717696
AT*PCMD_MAG=76323,0,1040454534,1036484388,0,0,0,0
AT*REF=76324,290717696
AT*PCMD_MAG=76325,0,1040363209,1035524618,0,0,0,0
AT*REF=76326,290717696
AT*PCMD_MAG=76331,0,1040268087,1033912425,0,0,0,0
AT*REF=76332,290717696
AT*PCMD_MAG=76333,0,1040288525,1033713403,0,0,0,0
AT*REF=76334,290717696
AT*PCMD_MAG=76335,0,1040321894,1033941576,0,0,0,0
AT*REF=76336,290717696
AT*PCMD_MAG=76339,0,1040684862,1034830255,0,0,0,0
AT*REF=76340,290717696
AT*PCMD_MAG=76341,0,1040999815,1035369098,0,0,0,0
AT*REF=76342,290717696
AT*PCMD_MAG=76347,0,1041084650,1036359283,0,0,0,0
AT*REF=76348,290717696
AT*PCMD_MAG=76349,0,1040712538,1036603046,0,0,0,0
AT*REF=76350,290717696
AT*PCMD_MAG=76355,0,1037941087,1036476395,0,0,0,0
AT*REF=76356,290717696
AT*PCMD_MAG=76357,0,1037054456,1036185973,0,0,0,0
AT*REF=76358,290717696
AT*PCMD_MAG=76363,0,1035424388,1037023574,0,0,0,0
AT*REF=76364,290717696
AT*PCMD_MAG=76365,0,1035391854,1037197081,0,0,0,0
AT*REF=76366,290717696
AT*PCMD_MAG=76369,0,1035281352,1037184171,0,0,0,0
AT*REF=76370,290717696
AT*PCMD_MAG=76375,0,1033729452,1036461032,0,0,0,0
AT*REF=76376,290717696
AT*PCMD_MAG=76379,0,1031930922,1035989871,0,0,0,0
AT*REF=76380,290717696
AT*PCMD_MAG=76385,0,1030744964,1035345174,0,0,0,0
AT*REF=76386,290717696
AT*PCMD_MAG=76389,0,1033553792,1036056210,0,0,0,0
AT*REF=76390,290717696
AT*PCMD_MAG=76393,0,1036424571,1036453304,0,0,0,0
AT*REF=76394,290717696
AT*PCMD_MAG=76395,0,1037488413,1036447299,0,0,0,0
AT*REF=76396,290717696
